function pred = traj_predictor(a1,a2)
x=[1;a1(11);a1(11)^2;a1(10);a1(10)*a1(11);a1(10)^2;a1(9);a1(9)*a1(11);a1(9)*a1(10);a1(9)^2;a1(8);a1(8)*a1(11);a1(8)*a1(10);a1(8)*a1(9);a1(8)^2;a1(7);a1(7)*a1(11);a1(7)*a1(10);a1(7)*a1(9);a1(7)*a1(8);a1(7)^2;a1(6);a1(6)*a1(11);a1(6)*a1(10);a1(6)*a1(9);a1(6)*a1(8);a1(6)*a1(7);a1(6)^2;a1(5);a1(5)*a1(11);a1(5)*a1(10);a1(5)*a1(9);a1(5)*a1(8);a1(5)*a1(7);a1(5)*a1(6);a1(5)^2;a1(4);a1(4)*a1(11);a1(4)*a1(10);a1(4)*a1(9);a1(4)*a1(8);a1(4)*a1(7);a1(4)*a1(6);a1(4)*a1(5);a1(4)^2;a1(3);a1(3)*a1(11);a1(3)*a1(10);a1(3)*a1(9);a1(3)*a1(8);a1(3)*a1(7);a1(3)*a1(6);a1(3)*a1(5);a1(3)*a1(4);a1(3)^2;a1(2);a1(2)*a1(11);a1(2)*a1(10);a1(2)*a1(9);a1(2)*a1(8);a1(2)*a1(7);a1(2)*a1(6);a1(2)*a1(5);a1(2)*a1(4);a1(2)*a1(3);a1(2)^2;a1(1);a1(1)*a1(11);a1(1)*a1(10);a1(1)*a1(9);a1(1)*a1(8);a1(1)*a1(7);a1(1)*a1(6);a1(1)*a1(5);a1(1)*a1(4);a1(1)*a1(3);a1(1)*a1(2);a1(1)^2;a2(1);a2(2);a2(3);a2(4);a2(5);a2(6);a2(7);a2(8);a2(9);a2(10);a2(11)];
A=[2.065017e+00 -1.078193e-02 -4.544010e-02 1.917393e-02 -1.197890e-02 -9.253443e-03 4.430405e-02 1.766242e-02 6.255300e-03 1.944544e-02 -5.990736e-02 -9.059938e-02 -2.252129e-02 5.235968e-03 -2.396898e-01 -5.946717e-02 -8.987179e-02 -2.242814e-02 5.331154e-03 -2.374913e-01 -2.380627e-01 1.047927e-01 8.711236e-02 6.373228e-02 9.129612e-02 8.260146e-02 8.255330e-02 1.009094e-01 1.588796e-02 9.372945e-03 9.147472e-03 2.133365e-02 -6.168985e-03 -6.228700e-03 2.879230e-02 -3.933949e-03 1.362463e-02 8.979675e-03 9.941775e-03 9.226029e-03 -5.915861e-03 -5.865548e-03 3.281944e-02 6.428079e-04 1.650011e-02 7.628659e-02 6.721918e-02 3.137940e-02 6.125059e-02 5.516923e-02 5.473586e-02 7.078209e-02 2.302778e-02 2.071386e-02 2.721111e-02 -3.763207e-02 -3.792048e-02 -3.163477e-02 -1.951092e-02 -6.949088e-02 -6.935526e-02 -2.376984e-03 -6.223508e-03 -1.426986e-02 8.091675e-03 -1.995141e-02 -1.457192e-01 -1.734735e-01 -5.993156e-02 -3.698875e-02 -3.160476e-01 -3.149749e-01 5.206760e-02 -1.783448e-02 -2.765471e-02 3.091671e-02 -8.966156e-02 -4.543134e-01 -1.097179e-02 -2.419309e-02 1.516849e-02 -2.132530e-02 -3.067374e-02 -2.943478e-01 -2.862522e-01 -1.066687e-02 -2.174661e-02 -1.826829e-01 -1.387125e-01 ;...
1.982691e+00 -2.704621e-02 -6.901589e-02 4.334718e-02 -1.120759e-04 1.833928e-02 4.266728e-02 2.190278e-03 2.983758e-02 2.055300e-02 -6.046511e-02 -1.068249e-01 3.680047e-03 5.423447e-03 -2.423477e-01 -5.944340e-02 -1.055656e-01 3.980061e-03 5.693269e-03 -2.393097e-01 -2.388469e-01 1.129152e-01 7.808597e-02 9.175594e-02 9.433139e-02 9.118283e-02 9.142503e-02 1.167282e-01 2.543330e-02 1.014048e-02 2.073571e-02 2.035527e-02 4.509571e-03 4.603619e-03 3.718829e-02 6.907489e-03 1.835290e-02 6.530129e-03 1.814326e-02 2.493922e-02 1.942865e-04 4.009388e-04 3.675474e-02 7.716145e-03 1.098530e-02 5.455540e-02 4.230724e-02 2.960589e-02 3.285310e-02 3.290693e-02 3.271673e-02 5.476390e-02 2.013658e-02 1.415034e-02 4.836036e-03 -2.361559e-02 -3.348734e-02 -1.027222e-02 -5.910144e-03 -5.158093e-02 -5.149075e-02 6.876193e-03 -4.977288e-03 -2.779946e-03 1.261023e-03 -1.734508e-02 -1.463123e-01 -1.865903e-01 -3.341702e-02 -3.393841e-02 -3.178865e-01 -3.159407e-01 5.902348e-02 -9.324226e-03 -2.103699e-02 1.197992e-02 -7.234190e-02 -4.544873e-01 6.562152e-03 -1.109281e-02 1.334699e-02 -1.915193e-02 -1.165334e-02 -2.866230e-01 -2.900061e-01 4.452136e-03 -1.768409e-02 -1.604504e-01 -1.592695e-01 ;...
2.681579e+00 -2.122692e-02 -7.781582e-02 2.714554e-02 -3.060295e-02 -2.393157e-02 3.502578e-02 -1.760058e-02 -1.246873e-02 -1.611918e-02 -5.246733e-02 -1.139829e-01 -3.548053e-02 -2.467933e-02 -2.548466e-01 -5.227978e-02 -1.134269e-01 -3.518671e-02 -2.392896e-02 -2.539761e-01 -2.552643e-01 7.381071e-02 5.236566e-02 5.229933e-02 5.951398e-02 4.539223e-02 4.555627e-02 6.614887e-02 9.737013e-03 -6.145086e-03 1.008129e-02 9.252281e-03 -1.573652e-02 -1.620669e-02 1.499721e-02 5.772519e-03 1.947476e-02 3.690118e-03 6.726608e-03 1.109056e-02 -1.162782e-02 -1.139624e-02 2.769432e-02 -2.880961e-03 4.450423e-03 4.060523e-02 2.214087e-02 2.108655e-02 2.829627e-02 -3.448519e-03 -4.011494e-03 3.616118e-02 9.824900e-03 3.798761e-03 -2.136716e-02 -1.808834e-02 -2.935393e-02 -2.112777e-02 -2.031978e-02 -5.696579e-02 -5.712544e-02 -3.159401e-03 -9.856823e-03 -1.160183e-02 -1.084780e-02 -2.170394e-02 -1.310858e-01 -1.902740e-01 -7.397700e-02 -6.682113e-02 -3.286947e-01 -3.286498e-01 1.249747e-02 -2.786850e-02 -3.188863e-02 -2.829028e-02 -7.160467e-02 -4.481371e-01 -2.902204e-02 -3.626898e-02 -1.239995e-02 -2.702131e-02 -2.476903e-02 -2.962346e-01 -2.924034e-01 -3.214618e-02 -5.530629e-02 -1.751991e-01 -1.397254e-01 ;...
7.027282e-01 -5.389206e-02 -1.039005e-01 8.600597e-02 4.099494e-02 4.554005e-02 3.362198e-03 -9.645572e-03 1.916478e-02 -1.430139e-02 4.607516e-02 1.871684e-02 3.040451e-02 1.703563e-02 -1.371660e-02 3.921469e-02 6.983739e-03 1.393967e-02 1.793697e-02 -2.940738e-02 -2.497053e-02 8.078671e-02 5.071526e-02 3.355268e-02 3.308451e-02 3.344308e-02 3.766798e-02 4.193858e-02 -1.449823e-03 -1.487039e-03 -1.054229e-04 1.135996e-03 -5.208085e-03 -4.080814e-03 1.403795e-03 -3.526270e-03 -9.033308e-02 -8.876026e-02 -2.926958e-02 -2.139845e-02 -3.161347e-03 -6.771041e-04 1.661125e-02 1.611841e-03 -6.543912e-02 1.870361e-01 1.638185e-01 6.076909e-02 6.891821e-02 1.630918e-02 2.213176e-02 2.040411e-02 9.656433e-04 6.074471e-02 -5.990156e-02 -1.011248e-01 -1.148497e-01 -4.749409e-02 -3.507368e-02 -1.282750e-02 -2.961925e-05 1.329038e-02 -6.605644e-04 -5.841797e-02 5.868695e-02 -3.746285e-02 -2.631126e-01 -2.939809e-01 -2.696165e-02 -7.028272e-02 -4.683004e-02 -5.028924e-02 3.558857e-02 -6.330864e-03 -1.837968e-01 2.397339e-01 -1.804854e-01 -6.174403e-01 -2.396304e-02 1.578009e-01 -1.251239e-01 2.792923e-02 5.311857e-03 -9.383075e-03 -3.939133e-03 -1.867219e-02 9.303097e-03 -2.129108e-01 -2.344155e-01 ;...
2.061796e+00 -2.687938e-02 -7.524762e-02 3.577470e-02 -9.746409e-03 -3.099695e-03 3.336603e-02 -1.044452e-02 1.737622e-02 1.414998e-02 -5.721251e-02 -1.064312e-01 -9.885225e-03 -9.062682e-03 -2.359996e-01 -5.727996e-02 -1.053934e-01 -1.065068e-02 -9.684049e-03 -2.338927e-01 -2.347963e-01 1.014635e-01 6.601084e-02 8.195227e-02 7.996238e-02 7.762187e-02 7.641828e-02 9.356093e-02 1.091790e-02 -4.494180e-03 5.703000e-03 1.926090e-02 -1.263395e-02 -1.254628e-02 2.156335e-02 1.632534e-02 4.073443e-03 -1.109346e-02 1.157067e-02 1.578193e-02 -1.844441e-02 -1.877049e-02 2.214411e-02 2.996499e-03 6.618939e-03 7.432199e-02 4.847828e-02 6.147120e-02 6.635911e-02 5.176767e-02 4.986167e-02 6.227179e-02 2.420527e-02 1.877982e-02 5.979424e-03 -4.283615e-02 -4.665613e-02 -3.240880e-02 -2.834366e-02 -7.726829e-02 -7.598427e-02 -8.874274e-03 -6.151149e-03 -1.894195e-02 -3.147384e-03 -2.604872e-02 -1.508328e-01 -1.931709e-01 -5.473909e-02 -4.890047e-02 -3.220758e-01 -3.207568e-01 3.618792e-02 -2.667430e-02 -3.667823e-02 2.822779e-02 -9.795606e-02 -4.544099e-01 -1.310645e-02 -8.246441e-03 -3.268628e-03 -3.306061e-02 -1.302680e-02 -2.854021e-01 -2.778146e-01 -1.423375e-03 -1.381242e-03 -1.633709e-01 -1.412679e-01 ;...
